
FOCAL_LENGTH=1174.7368421052631

SCALE_FACTOR=1.2236842105263157

OBJECT_WIDTH=76

CAPTURE_WIDTH=1920

CAPTURE_HEIGHT=1080

CAPTURE_ID=0

